2991.0
2913.0
3128.0
4295.0
5148.0
2807.0
5174.0
2744.0
3063.0
4424.0
3053.0
3298.0
2854.0
3234.0
3824.0
2957.0
5399.0
7957.0
3895.0
3907.0
3115.0
2914.0
3129.0
3730.0
3022.0
2852.0
2842.0
2843.0
3068.0
3067.0
2893.0
2946.0
3042.0
2788.0
3852.0
2833.0
2671.0
2695.0
2844.0
3409.0
5479.0
3376.0
3523.0
3608.0
3149.0
3428.0
2946.0
2551.0
3105.0
4026.0
3583.0
2810.0
4071.0
2789.0
2983.0
2683.0
2853.0
3884.0
4829.0
4390.0
3200.0
2895.0
3169.0
3186.0
3170.0
2709.0
3057.0
4207.0
4725.0
7736.0
2886.0
5038.0
5582.0
2703.0
2944.0
3034.0
3406.0
3439.0
4928.0
3739.0
3344.0
3152.0
3818.0
2969.0
2916.0
4897.0
2866.0
2716.0
3352.0
3088.0
3357.0
2916.0
4123.0
3029.0
3140.0
3211.0
3049.0
2901.0
3098.0
2962.0
3147.0
2855.0
2875.0
2921.0
2676.0
2853.0
3607.0
3037.0
3954.0
7901.0
3317.0
3448.0
2873.0
4071.0
2598.0
3755.0
3322.0
3018.0
4105.0
6877.0
3562.0
3167.0
4555.0
2841.0
3175.0
2984.0
5592.0
3438.0
4174.0
4246.0
3255.0
3219.0
5099.0
3331.0
3151.0
2984.0
3136.0
4114.0
4548.0
3215.0
7300.0
3528.0
4192.0
2857.0
2809.0
2836.0
4137.0
5116.0
3280.0
4433.0
3005.0
2999.0
2853.0
4271.0
5221.0
2642.0
2723.0
3155.0
2913.0
3671.0
4614.0
2921.0
3174.0
4036.0
3795.0
4091.0
3843.0
4630.0
2872.0
4263.0
2686.0
4707.0
3030.0
4922.0
3177.0
3297.0
4928.0
3600.0
3365.0
3192.0
2824.0
4664.0
3237.0
5372.0
3725.0
3483.0
2995.0
4366.0
4595.0
3320.0
4209.0
6190.0
2786.0
3654.0
3215.0
2835.0
3198.0
2879.0
3774.0
7556.0
2922.0
2536.0
4926.0
3439.0
4424.0
3008.0
4611.0
2814.0
3114.0
2970.0
2921.0
3014.0
2865.0
4861.0
2928.0
7128.0
4004.0
2686.0
4316.0
3526.0
2884.0
3206.0
3039.0
4503.0
3230.0
4569.0
5067.0
3939.0
3400.0
3115.0
5187.0
2833.0
3107.0
3046.0
3947.0
3710.0
3146.0
4813.0
3114.0
2814.0
2986.0
4125.0
2863.0
3119.0
2826.0
4799.0
2694.0
2805.0
4440.0
4952.0
2716.0
3019.0
3084.0
4588.0
4044.0
3324.0
3419.0
3104.0
2819.0
3045.0
4554.0
3191.0
2941.0
4852.0
3828.0
2896.0
2634.0
3264.0
4244.0
3994.0
2923.0
3681.0
2815.0
3017.0
3086.0
2826.0
3157.0
3644.0
3614.0
2836.0
3981.0
2779.0
4766.0
3191.0
7746.0
5528.0
4583.0
3355.0
2988.0
5406.0
3867.0
4623.0
2867.0
2696.0
2907.0
3239.0
4586.0
3118.0
3053.0
5695.0
5550.0
4379.0
4889.0
4636.0
3432.0
3128.0
3308.0
3008.0
3177.0
4788.0
2922.0
3153.0
3000.0
2948.0
3240.0
3085.0
4389.0
4839.0
4777.0
5447.0
2973.0
4035.0
2894.0
2891.0
3069.0
2944.0
2872.0
2716.0
3994.0
3262.0
2989.0
3021.0
2906.0
2992.0
4428.0
4172.0
3406.0
4492.0
4722.0
4345.0
3056.0
2852.0
3382.0
3260.0
2915.0
4640.0
4041.0
4399.0
2906.0
3519.0
3140.0
3137.0
3215.0
2998.0
4389.0
4148.0
2920.0
2868.0
2840.0
4882.0
2863.0
4149.0
2828.0
3044.0
4139.0
2785.0
2986.0
8204.0
3522.0
2981.0
2852.0
4522.0
4243.0
4119.0
3514.0
5041.0
3109.0
2723.0
2972.0
2533.0
5943.0
2999.0
3374.0
4144.0
3014.0
3137.0
3597.0
3662.0
4707.0
3187.0
3362.0
2964.0
2758.0
3215.0
2785.0
2757.0
3346.0
2962.0
3176.0
2876.0
3052.0
3215.0
3432.0
2814.0
3029.0
4160.0
3017.0
4284.0
2895.0
4200.0
5259.0
4166.0
7717.0
3261.0
3244.0
2719.0
2721.0
3016.0
3994.0
3149.0
3765.0
4986.0
4085.0
3039.0
4206.0
4713.0
5229.0
3617.0
5246.0
2691.0
4591.0
2499.0
4625.0
4242.0
2887.0
3524.0
3112.0
3540.0
3095.0
5209.0
3219.0
2993.0
4714.0
3156.0
3051.0
2899.0
4707.0
2924.0
4611.0
5144.0
3085.0
2974.0
3402.0
4737.0
4147.0
4347.0
4351.0
3663.0
4864.0
3184.0
4881.0
2949.0
3205.0
3005.0
2594.0
3631.0
4420.0
3615.0
7743.0
4410.0
2777.0
2983.0
2920.0
3530.0
2849.0
5089.0
2868.0
2591.0
3354.0
3338.0
2937.0
3057.0
4349.0
2901.0
3731.0
3035.0
4927.0
3108.0
4633.0
5065.0
3472.0
3046.0
2860.0
2854.0
2821.0
3818.0
3307.0
2765.0
2895.0
2881.0
3389.0
2663.0
2604.0
2723.0
3553.0
6375.0
2945.0
5479.0
2910.0
3577.0
2850.0
2940.0
4378.0
5444.0
2877.0
2993.0
2975.0
2926.0
4278.0
4727.0
4056.0
4200.0
4253.0
2835.0
3124.0
2681.0
2766.0
2944.0
5734.0
3013.0
3389.0
3929.0
3124.0
3942.0
2886.0
5072.0
3706.0
2684.0
3479.0
5058.0
4200.0
4899.0
7890.0
3008.0
3020.0
3048.0
2968.0
2798.0
3433.0
4639.0
3459.0
2596.0
4215.0
2857.0
7753.0
2917.0
4112.0
2804.0
5078.0
2903.0
3190.0
4078.0
2796.0
3028.0
3222.0
3677.0
4034.0
3016.0
2877.0
2860.0
3859.0
4106.0
4220.0
3273.0
4721.0
4109.0
3061.0
2841.0
4693.0
7883.0
2893.0
2996.0
3080.0
5588.0
3912.0
3032.0
6388.0
5657.0
2768.0
4765.0
3228.0
2909.0
3070.0
2962.0
3453.0
3128.0
4048.0
5148.0
3342.0
4443.0
2795.0
4179.0
3377.0
3143.0
2972.0
5601.0
5441.0
7610.0
4671.0
3036.0
4129.0
3167.0
2864.0
4380.0
2934.0
3338.0
3872.0
3381.0
3014.0
2884.0
4371.0
2958.0
5048.0
3630.0
5457.0
2900.0
7434.0
3149.0
2807.0
3256.0
2917.0
4099.0
4304.0
3893.0
3015.0
3437.0
3946.0
5365.0
4071.0
4723.0
3001.0
4107.0
5162.0
3220.0
4786.0
3087.0
2726.0
3189.0
3070.0
5430.0
5271.0
3941.0
2725.0
4173.0
3113.0
2720.0
3106.0
3995.0
2535.0
2412.0
2854.0
4487.0
4717.0
2793.0
4283.0
4601.0
3122.0
2962.0
2677.0
2664.0
3049.0
3083.0
2909.0
3172.0
2903.0
7684.0
2941.0
3077.0
4687.0
4226.0
7719.0
5320.0
3504.0
4663.0
4236.0
7823.0
3001.0
4536.0
2927.0
4339.0
4395.0
2858.0
2975.0
2923.0
2918.0
2565.0
2989.0
3089.0
2901.0
2844.0
3420.0
2960.0
2841.0
4295.0
3259.0
3074.0
3237.0
2986.0
4883.0
2865.0
2754.0
3721.0
2910.0
2887.0
3157.0
3207.0
2991.0
3779.0
3722.0
4120.0
4681.0
3856.0
2707.0
3853.0
2823.0
4017.0
3306.0
2900.0
4165.0
3755.0
3370.0
3022.0
3005.0
3001.0
2914.0
4932.0
4383.0
3114.0
2893.0
3731.0
3033.0
2827.0
2925.0
4652.0
4831.0
3553.0
4257.0
2880.0
2512.0
4966.0
3171.0
2871.0
3674.0
2971.0
3531.0
2850.0
5784.0
2642.0
3117.0
8191.0
2995.0
4296.0
4684.0
3230.0
4507.0
2777.0
3061.0
3081.0
3484.0
4490.0
2932.0
2855.0
4316.0
2911.0
3127.0
6212.0
2841.0
2859.0
3977.0
5095.0
2689.0
3457.0
3746.0
4511.0
2868.0
4573.0
2842.0
3239.0
3175.0
2983.0
2752.0
4887.0
2684.0
2588.0
2878.0
7679.0
3101.0
2859.0
2973.0
3407.0
2945.0
2704.0
2804.0
3044.0
2706.0
3032.0
3011.0
3831.0
3448.0
3065.0
3191.0
2577.0
3441.0
2713.0
2950.0
4169.0
2555.0
3464.0
3726.0
2965.0
2959.0
2837.0
2814.0
3135.0
4404.0
3462.0
3191.0
4751.0
2767.0
3096.0
2884.0
4210.0
4389.0
4553.0
3527.0
2893.0
4103.0
4249.0
5307.0
2915.0
3141.0
2991.0
3087.0
4527.0
2997.0
3911.0
4197.0
4370.0
2876.0
4227.0
2997.0
3666.0
4698.0
2823.0
2922.0
3424.0
2856.0
4505.0
2974.0
2951.0
4104.0
5091.0
3166.0
2922.0
4224.0
4423.0
3017.0
2678.0
3768.0
2958.0
4728.0
3135.0
2766.0
3066.0
2853.0
6885.0
3104.0
3940.0
4247.0
1930.0
4121.0
3076.0
2703.0
3001.0
3859.0
3258.0
3183.0
2914.0
2982.0
4905.0
5650.0
4350.0
3098.0
5149.0
2912.0
4176.0
2995.0
2826.0
3715.0
5706.0
3429.0
3085.0
3131.0
2540.0
2725.0
3106.0
3349.0
4115.0
2977.0
4172.0
4578.0
3748.0
3464.0
4360.0
4788.0
4080.0
3030.0
3172.0
4960.0
4696.0
4411.0
3089.0
3099.0
4142.0
2867.0
3997.0
3307.0
2982.0
5195.0
4213.0
3097.0
3496.0
4062.0
4756.0
2825.0
2794.0
3617.0
4329.0
3018.0
3504.0
3847.0
8079.0
2617.0
7747.0
3055.0
2846.0
2695.0
3119.0
4396.0
3347.0
2910.0
3059.0
4064.0
3094.0
2994.0
5161.0
4182.0
3599.0
5078.0
3767.0
3503.0
5111.0
2653.0
3699.0
2725.0
4459.0
4198.0
2782.0
3572.0
3422.0
3065.0
2859.0
4006.0
3022.0
3038.0
4299.0
3169.0
4794.0
3026.0
2908.0
3067.0
2828.0
2918.0
3028.0
2801.0
2879.0
3536.0
3013.0
4116.0
2567.0
3824.0
5282.0
3809.0
2990.0
3020.0
2842.0
3099.0
3331.0
3017.0
3238.0
