7940.0
5697.0
5857.0
5752.0
8669.0
9234.0
5891.0
3977.0
8749.0
6659.0
6456.0
12679.0
9262.0
4844.0
6383.0
8090.0
5654.0
3725.0
9682.0
10061.0
7115.0
13200.0
6169.0
6388.0
8942.0
10006.0
3516.0
6038.0
11520.0
8207.0
6971.0
5071.0
13559.0
8701.0
12417.0
3725.0
4636.0
6342.0
5969.0
6583.0
6937.0
6735.0
13336.0
4620.0
7992.0
12714.0
7429.0
13427.0
11819.0
9884.0
8713.0
9534.0
3506.0
5521.0
10925.0
3669.0
3546.0
11548.0
6481.0
5368.0
7384.0
15353.0
8918.0
5891.0
8474.0
13113.0
8837.0
5876.0
4748.0
11133.0
9909.0
12212.0
6218.0
7017.0
8785.0
7236.0
5376.0
6105.0
6509.0
11018.0
4742.0
5674.0
11854.0
5977.0
8005.0
5079.0
6410.0
6547.0
5969.0
8032.0
8662.0
9658.0
7417.0
3922.0
6568.0
3595.0
8751.0
6617.0
8091.0
3276.0
13555.0
7619.0
4995.0
7613.0
9042.0
8983.0
6034.0
8295.0
9051.0
12797.0
7949.0
8201.0
4158.0
11864.0
4853.0
9088.0
9731.0
4803.0
7603.0
7683.0
3786.0
7955.0
8307.0
8657.0
8288.0
14763.0
8817.0
5563.0
13210.0
6520.0
8348.0
9332.0
6171.0
8756.0
10217.0
4397.0
6105.0
5442.0
7884.0
8690.0
8483.0
7872.0
7279.0
5470.0
10333.0
7771.0
10257.0
10678.0
8600.0
6204.0
17916.0
7043.0
5118.0
2805.0
8199.0
6605.0
8738.0
7745.0
12846.0
9209.0
9178.0
4876.0
7413.0
12630.0
3995.0
8880.0
7522.0
6558.0
8240.0
7620.0
5216.0
6370.0
7139.0
7051.0
9028.0
4569.0
3249.0
8906.0
6803.0
5358.0
4836.0
6246.0
7731.0
10452.0
5983.0
5803.0
12274.0
4513.0
8195.0
4435.0
11170.0
8161.0
6689.0
6064.0
9333.0
6552.0
3223.0
6156.0
5238.0
7355.0
10845.0
8649.0
10063.0
10420.0
8597.0
3512.0
9127.0
10787.0
6343.0
8583.0
4258.0
6925.0
5333.0
5556.0
5319.0
11598.0
8404.0
8449.0
7117.0
6730.0
4339.0
12459.0
4377.0
6518.0
6378.0
8903.0
6748.0
7203.0
9558.0
8568.0
10019.0
5791.0
5510.0
3435.0
7217.0
9503.0
8397.0
7859.0
8415.0
10768.0
7484.0
8119.0
7223.0
7841.0
7162.0
3664.0
6792.0
8353.0
8093.0
7264.0
7272.0
6636.0
3281.0
4315.0
4513.0
5360.0
7843.0
8563.0
7351.0
10661.0
9443.0
8334.0
4158.0
7862.0
3926.0
7293.0
4988.0
6120.0
11122.0
7336.0
7174.0
6518.0
4107.0
13992.0
3879.0
2901.0
8956.0
7729.0
6861.0
7218.0
3915.0
4902.0
7225.0
8173.0
7188.0
8229.0
16471.0
8066.0
6276.0
12503.0
5446.0
5249.0
12941.0
3634.0
4072.0
10160.0
9145.0
7569.0
8114.0
7754.0
6374.0
4592.0
6694.0
8034.0
10723.0
8984.0
8704.0
6598.0
5904.0
9771.0
8063.0
8025.0
5933.0
6483.0
6458.0
10579.0
8162.0
5857.0
8566.0
16472.0
7306.0
7368.0
8625.0
11713.0
9857.0
8879.0
9508.0
8614.0
6578.0
9522.0
7818.0
5747.0
10899.0
5669.0
5241.0
2993.0
5817.0
4497.0
3204.0
9012.0
12429.0
7393.0
8426.0
4151.0
8160.0
7907.0
3282.0
5388.0
4289.0
7518.0
7488.0
8383.0
10394.0
10474.0
6684.0
5295.0
7557.0
5325.0
7527.0
7735.0
5807.0
8711.0
9249.0
7916.0
7440.0
10071.0
4039.0
7826.0
9240.0
5334.0
6739.0
9849.0
5184.0
9434.0
6446.0
5779.0
7048.0
4842.0
8816.0
6801.0
10616.0
3770.0
9124.0
8208.0
6587.0
13454.0
6125.0
6447.0
6972.0
8100.0
6690.0
5157.0
6068.0
12582.0
7862.0
7288.0
4746.0
7280.0
4129.0
7195.0
6705.0
3196.0
7214.0
7592.0
4593.0
3349.0
13082.0
10410.0
5994.0
4567.0
7291.0
7776.0
6736.0
4601.0
13174.0
10562.0
7095.0
9582.0
9746.0
8643.0
5891.0
10218.0
8118.0
5131.0
4170.0
3391.0
15910.0
8408.0
8815.0
6314.0
6879.0
7853.0
4693.0
7918.0
5131.0
11555.0
8438.0
11019.0
5686.0
6928.0
10677.0
7623.0
6210.0
5743.0
9147.0
4418.0
3058.0
9536.0
8705.0
6705.0
3961.0
4478.0
10184.0
6769.0
3974.0
7829.0
10034.0
7266.0
4685.0
10215.0
7021.0
8770.0
7412.0
9546.0
8199.0
7760.0
7350.0
6024.0
8280.0
3353.0
4066.0
4723.0
5583.0
9253.0
7449.0
5453.0
5555.0
6409.0
7532.0
8538.0
6332.0
10728.0
6895.0
7685.0
11675.0
8751.0
4725.0
5408.0
8252.0
6479.0
3702.0
9022.0
6936.0
6855.0
7198.0
9512.0
7993.0
7226.0
10117.0
8751.0
10436.0
8047.0
10294.0
7337.0
8832.0
8882.0
11031.0
6770.0
4512.0
8038.0
10252.0
4380.0
9405.0
6213.0
5393.0
6671.0
9263.0
9771.0
5170.0
10902.0
6621.0
6985.0
10807.0
12235.0
13015.0
9605.0
10778.0
10694.0
6988.0
9714.0
9094.0
8181.0
4413.0
5781.0
5449.0
7113.0
8015.0
6260.0
10091.0
8917.0
13102.0
12229.0
4434.0
7068.0
3412.0
5947.0
8568.0
13951.0
3978.0
12128.0
6105.0
6164.0
8449.0
10052.0
7789.0
4311.0
8224.0
6568.0
11937.0
8261.0
7085.0
5553.0
5810.0
6653.0
6562.0
9786.0
6316.0
5982.0
5479.0
7370.0
5645.0
5308.0
6972.0
6389.0
8119.0
5880.0
8218.0
3644.0
12062.0
7603.0
3181.0
4560.0
8851.0
5363.0
5090.0
7974.0
9882.0
11168.0
10895.0
5348.0
4801.0
9565.0
5367.0
6858.0
5045.0
7906.0
9774.0
10775.0
8263.0
4898.0
8479.0
9235.0
8853.0
5920.0
6034.0
5364.0
4873.0
9467.0
7539.0
5173.0
6320.0
5634.0
8057.0
3831.0
5837.0
16154.0
13411.0
3542.0
7454.0
4383.0
5309.0
5349.0
10569.0
7134.0
7064.0
7707.0
8943.0
6268.0
11530.0
7119.0
5798.0
7764.0
5394.0
7831.0
7318.0
7841.0
8528.0
8508.0
4377.0
6277.0
10500.0
3585.0
9695.0
8447.0
5412.0
3543.0
19501.0
6135.0
4154.0
6505.0
8549.0
7550.0
5013.0
7852.0
10843.0
10866.0
8954.0
7863.0
6883.0
5288.0
5087.0
4141.0
3530.0
7400.0
9203.0
7188.0
6464.0
3120.0
16419.0
7697.0
7057.0
11740.0
3370.0
6070.0
6945.0
3396.0
7190.0
12728.0
9313.0
13107.0
9647.0
7499.0
5138.0
6198.0
7956.0
3382.0
10310.0
10780.0
5701.0
8272.0
10264.0
6965.0
9882.0
5481.0
7892.0
5363.0
6710.0
10505.0
5088.0
9440.0
9012.0
6700.0
8327.0
8062.0
7041.0
7413.0
3270.0
3771.0
8950.0
11902.0
8696.0
6196.0
8559.0
7368.0
7824.0
3833.0
7282.0
5636.0
6980.0
3088.0
4287.0
7772.0
10590.0
6571.0
5911.0
5892.0
6122.0
6752.0
8024.0
7958.0
7471.0
5693.0
10393.0
8223.0
6097.0
9158.0
10109.0
9488.0
9040.0
6537.0
3697.0
5628.0
7438.0
8000.0
10109.0
7941.0
5960.0
5570.0
8514.0
8655.0
10717.0
7708.0
12177.0
7659.0
9283.0
9245.0
8150.0
10499.0
5488.0
10677.0
12358.0
8583.0
11481.0
8042.0
4682.0
8057.0
8628.0
12828.0
5778.0
10218.0
7915.0
6112.0
6334.0
4339.0
8772.0
8631.0
8891.0
7143.0
6883.0
8876.0
10342.0
11365.0
5772.0
8827.0
7600.0
13814.0
7261.0
7735.0
5646.0
10435.0
7331.0
6322.0
6910.0
5886.0
8896.0
7597.0
5323.0
8019.0
6193.0
3792.0
4262.0
7737.0
11014.0
9953.0
4687.0
11643.0
7908.0
7157.0
10575.0
8585.0
3857.0
9315.0
3806.0
9357.0
8096.0
6058.0
7291.0
7274.0
7889.0
9975.0
7004.0
8176.0
10429.0
7508.0
9765.0
7088.0
7009.0
7183.0
12464.0
8482.0
7156.0
6312.0
6604.0
7587.0
11061.0
3983.0
7690.0
12181.0
6699.0
5797.0
8225.0
8011.0
8386.0
2804.0
9365.0
11466.0
4597.0
7454.0
5527.0
8048.0
8531.0
8646.0
11314.0
7060.0
6634.0
4265.0
3114.0
4332.0
7666.0
7595.0
6094.0
8182.0
17213.0
8004.0
7046.0
10247.0
8381.0
12476.0
4396.0
9320.0
7734.0
8289.0
6082.0
7171.0
8936.0
7595.0
5660.0
7861.0
9423.0
7734.0
7536.0
6912.0
6971.0
7907.0
10730.0
8714.0
10516.0
6953.0
6865.0
6923.0
8996.0
5215.0
5736.0
8687.0
12156.0
10044.0
5748.0
5276.0
8685.0
7625.0
8420.0
7701.0
6131.0
3340.0
7008.0
10131.0
8876.0
7421.0
6962.0
5210.0
7236.0
10259.0
6129.0
6926.0
8734.0
4024.0
4078.0
10589.0
6957.0
10567.0
6313.0
10445.0
7112.0
7348.0
7437.0
9638.0
9530.0
5813.0
9721.0
3597.0
6362.0
7470.0
8253.0
6232.0
7573.0
6999.0
9928.0
12583.0
5207.0
10403.0
6196.0
4783.0
9959.0
7383.0
7740.0
5381.0
5969.0
3023.0
9538.0
10054.0
7567.0
6028.0
3728.0
6182.0
5231.0
8340.0
5221.0
9142.0
9965.0
5440.0
5025.0
7080.0
15392.0
7112.0
7561.0
5808.0
8174.0
9730.0
8504.0
8874.0
5084.0
5745.0
4020.0
6057.0
3471.0
8788.0
5577.0
3689.0
13282.0
8609.0
8833.0
12491.0
16002.0
8153.0
6327.0
8878.0
6648.0
4835.0
6817.0
4409.0
7217.0
8900.0
8345.0
7340.0
6880.0
7084.0
8996.0
5156.0
10757.0
3727.0
