8153.0
7921.0
7416.0
3540.0
7609.0
9117.0
6839.0
7597.0
9020.0
7830.0
3130.0
4284.0
7197.0
6963.0
5114.0
9310.0
5388.0
6705.0
6711.0
9887.0
11051.0
10565.0
8857.0
5852.0
5761.0
7631.0
9071.0
5757.0
3961.0
3937.0
8314.0
3129.0
4577.0
7161.0
9136.0
3786.0
6532.0
3312.0
5781.0
3888.0
8597.0
5394.0
5585.0
8353.0
9183.0
4754.0
5953.0
9702.0
5786.0
4116.0
11272.0
7426.0
7983.0
6906.0
3705.0
4844.0
4464.0
5477.0
5933.0
3475.0
7087.0
3374.0
7237.0
5999.0
6211.0
7048.0
3117.0
7188.0
4984.0
5375.0
7459.0
5944.0
10036.0
10096.0
8965.0
8346.0
7755.0
6104.0
8315.0
3772.0
12376.0
8212.0
11753.0
9116.0
10329.0
8843.0
5821.0
8041.0
8979.0
3893.0
6666.0
6848.0
10401.0
6421.0
6646.0
4470.0
7618.0
7339.0
5108.0
9338.0
5325.0
9641.0
8406.0
7554.0
8189.0
6799.0
10754.0
5876.0
10307.0
8713.0
8273.0
6683.0
5787.0
11629.0
4013.0
5732.0
5440.0
6918.0
7171.0
9756.0
4061.0
6490.0
5119.0
7783.0
6133.0
3851.0
9662.0
5340.0
11922.0
12087.0
3780.0
11272.0
8932.0
11368.0
7422.0
3525.0
8899.0
5798.0
7662.0
3131.0
3269.0
7382.0
7465.0
7577.0
6276.0
8018.0
4592.0
5472.0
8026.0
10193.0
10440.0
11991.0
5818.0
7265.0
8313.0
5611.0
11439.0
5096.0
11712.0
14505.0
9240.0
9245.0
10586.0
3897.0
4974.0
9238.0
4583.0
7330.0
4434.0
5711.0
10084.0
12900.0
7044.0
6374.0
5114.0
3396.0
9536.0
10118.0
6679.0
3963.0
4913.0
9646.0
12105.0
8890.0
8894.0
7303.0
7691.0
3684.0
6318.0
4717.0
5563.0
3408.0
4073.0
7402.0
7365.0
3259.0
3055.0
3701.0
6307.0
8381.0
8827.0
5756.0
6521.0
9383.0
6530.0
5855.0
5501.0
11298.0
7143.0
9286.0
7202.0
4895.0
7746.0
8534.0
3808.0
8108.0
8803.0
6189.0
12832.0
13995.0
7171.0
5599.0
8674.0
5285.0
7610.0
5611.0
8760.0
3781.0
8401.0
6091.0
4255.0
15648.0
4214.0
8204.0
8434.0
2649.0
4020.0
8340.0
7419.0
8184.0
6543.0
8080.0
6594.0
8708.0
5813.0
8531.0
7218.0
5771.0
6075.0
7504.0
8523.0
5380.0
8464.0
5253.0
5171.0
7556.0
9412.0
4552.0
5268.0
5260.0
8600.0
8024.0
10920.0
7180.0
4754.0
5531.0
8549.0
4108.0
9576.0
5705.0
8088.0
4364.0
3237.0
5473.0
12367.0
8646.0
7511.0
6828.0
13168.0
11470.0
4674.0
7065.0
6990.0
9263.0
13506.0
6389.0
11258.0
3895.0
6195.0
6382.0
4518.0
7763.0
9261.0
9364.0
7908.0
4115.0
6533.0
4906.0
8885.0
10323.0
9193.0
7463.0
5977.0
9919.0
6478.0
7001.0
4195.0
4226.0
5465.0
6926.0
5920.0
4426.0
6598.0
7873.0
7775.0
3731.0
9347.0
15796.0
5843.0
8373.0
8394.0
5606.0
8838.0
6756.0
7426.0
8645.0
7131.0
5397.0
7850.0
7173.0
10436.0
9338.0
5224.0
5555.0
5635.0
7638.0
3819.0
3746.0
6306.0
8816.0
5927.0
6123.0
8910.0
8961.0
4156.0
4943.0
8046.0
8430.0
3346.0
6503.0
14193.0
10790.0
4974.0
7450.0
7536.0
9402.0
8536.0
7160.0
6012.0
3811.0
13787.0
7908.0
4862.0
7465.0
8107.0
3896.0
7361.0
5844.0
10839.0
7415.0
7321.0
8090.0
3817.0
8006.0
11411.0
7734.0
10517.0
7662.0
13346.0
5756.0
4757.0
4520.0
4888.0
7630.0
9241.0
7050.0
10110.0
7150.0
6893.0
5903.0
7807.0
2874.0
4221.0
5248.0
3665.0
10987.0
7676.0
6237.0
10409.0
8538.0
11482.0
6810.0
7114.0
5534.0
4796.0
8326.0
8711.0
10428.0
4915.0
5788.0
7571.0
8608.0
4326.0
7433.0
18295.0
7835.0
4267.0
5052.0
6462.0
8165.0
13200.0
11465.0
5992.0
7624.0
8167.0
6175.0
9051.0
8892.0
6018.0
6678.0
13786.0
8104.0
3363.0
18020.0
10013.0
7341.0
6093.0
3450.0
7367.0
9513.0
5344.0
14415.0
4342.0
6763.0
4868.0
6932.0
12888.0
3690.0
10081.0
7808.0
7621.0
10499.0
3910.0
4672.0
14436.0
9213.0
5940.0
5743.0
4304.0
5013.0
5087.0
9202.0
3810.0
10249.0
10629.0
4432.0
5420.0
6610.0
8732.0
6925.0
3653.0
8080.0
12170.0
9886.0
3206.0
3107.0
4298.0
5552.0
5135.0
7154.0
6288.0
3520.0
3394.0
7442.0
9505.0
3377.0
8181.0
6454.0
6026.0
9106.0
7357.0
8069.0
7251.0
11128.0
4784.0
9137.0
5261.0
3500.0
7965.0
7717.0
19952.0
10758.0
10260.0
9699.0
7313.0
12173.0
3611.0
14725.0
11133.0
7414.0
7462.0
7950.0
6509.0
8028.0
12960.0
8524.0
14374.0
10444.0
9502.0
4077.0
7166.0
9244.0
7167.0
8961.0
5977.0
6488.0
8399.0
4135.0
8057.0
6751.0
8219.0
11217.0
7933.0
7573.0
5759.0
6938.0
6858.0
9820.0
4925.0
9582.0
3707.0
12856.0
13972.0
7608.0
14137.0
8661.0
11414.0
2902.0
6027.0
9751.0
6771.0
5841.0
8581.0
4188.0
4982.0
6669.0
5703.0
7837.0
9765.0
5115.0
6026.0
7046.0
10551.0
5447.0
7688.0
3538.0
7452.0
5755.0
9213.0
15109.0
3798.0
11262.0
9894.0
13323.0
6166.0
5610.0
9973.0
8789.0
15087.0
7244.0
8290.0
9307.0
8226.0
8520.0
6357.0
8179.0
7688.0
7661.0
11784.0
7015.0
8345.0
8363.0
5534.0
6925.0
5540.0
12607.0
7446.0
8460.0
8353.0
13186.0
3135.0
6888.0
4732.0
8975.0
8381.0
9502.0
5478.0
9220.0
5764.0
7777.0
6412.0
4683.0
11419.0
8065.0
13223.0
10718.0
7106.0
8333.0
4059.0
5274.0
5889.0
10199.0
3946.0
7798.0
5147.0
8400.0
7289.0
7737.0
4507.0
13794.0
11558.0
6378.0
3596.0
7347.0
4666.0
7726.0
10072.0
3848.0
3309.0
7185.0
7870.0
8828.0
6306.0
7400.0
4363.0
7102.0
5950.0
9586.0
7229.0
4639.0
10434.0
5017.0
7778.0
9690.0
4063.0
6872.0
10188.0
7361.0
5267.0
7032.0
11639.0
7151.0
7148.0
8310.0
7329.0
7297.0
6037.0
6108.0
5028.0
16143.0
10308.0
9822.0
8403.0
5788.0
3340.0
6183.0
11216.0
9569.0
3872.0
7925.0
9303.0
6302.0
7294.0
7574.0
5319.0
6191.0
5702.0
9714.0
7133.0
5111.0
3465.0
12576.0
9585.0
9275.0
8237.0
12833.0
12629.0
4029.0
6629.0
7966.0
10556.0
5384.0
7682.0
11220.0
6629.0
9517.0
5673.0
11074.0
5646.0
10893.0
8160.0
8571.0
5779.0
13207.0
7344.0
6573.0
9857.0
5183.0
5768.0
8442.0
6894.0
9674.0
8008.0
6289.0
5659.0
7219.0
12074.0
7012.0
12968.0
7183.0
10004.0
5798.0
7333.0
5257.0
5025.0
5223.0
3326.0
8249.0
4991.0
7137.0
7136.0
8616.0
5144.0
8911.0
10787.0
9048.0
8555.0
5090.0
5613.0
7919.0
10669.0
4378.0
13935.0
8078.0
4036.0
7721.0
4655.0
8238.0
8712.0
6678.0
7422.0
16935.0
8636.0
8516.0
6861.0
11059.0
8458.0
6466.0
5918.0
7267.0
7667.0
9880.0
8268.0
5027.0
7160.0
4804.0
5477.0
11908.0
5321.0
7672.0
9693.0
8264.0
3010.0
7516.0
3766.0
8350.0
5800.0
7498.0
6024.0
3473.0
6530.0
6018.0
4857.0
13407.0
6456.0
5250.0
5555.0
6440.0
8693.0
8755.0
6118.0
5907.0
9885.0
6176.0
7290.0
7769.0
9519.0
10769.0
4275.0
8801.0
7376.0
9294.0
6086.0
4910.0
5186.0
6971.0
11008.0
10115.0
8445.0
12331.0
11579.0
9815.0
5696.0
7283.0
7150.0
4831.0
10745.0
5942.0
7590.0
7186.0
5409.0
7005.0
7144.0
4309.0
10592.0
5060.0
5980.0
10958.0
3423.0
5085.0
11151.0
4253.0
9263.0
8530.0
9516.0
5381.0
6563.0
4478.0
6820.0
6035.0
6848.0
9259.0
6422.0
7557.0
4198.0
7846.0
5922.0
6152.0
7199.0
3103.0
4011.0
6032.0
6035.0
7785.0
8199.0
5390.0
9393.0
5901.0
6620.0
5467.0
6014.0
6516.0
7180.0
8482.0
6705.0
9319.0
4167.0
7592.0
7561.0
4879.0
7140.0
9017.0
6435.0
7434.0
10222.0
9196.0
4259.0
3060.0
9150.0
5977.0
6383.0
9997.0
2834.0
13135.0
10651.0
6233.0
4940.0
5470.0
6359.0
11297.0
5117.0
11014.0
12585.0
8247.0
7777.0
8807.0
7272.0
7867.0
6890.0
3915.0
7721.0
6541.0
6865.0
8196.0
5403.0
7550.0
7093.0
4497.0
8695.0
3240.0
8378.0
10778.0
5617.0
9971.0
9902.0
8293.0
10960.0
5407.0
9054.0
4975.0
6419.0
7799.0
3640.0
6280.0
6872.0
3448.0
4356.0
7336.0
7522.0
8063.0
7282.0
10132.0
8148.0
5273.0
3275.0
4053.0
4857.0
6723.0
9779.0
6667.0
3707.0
9086.0
8663.0
6433.0
6599.0
4948.0
8079.0
6995.0
6044.0
6903.0
4768.0
15481.0
10675.0
7215.0
5551.0
10127.0
12340.0
12812.0
10172.0
5938.0
6929.0
7453.0
8531.0
8957.0
6423.0
10267.0
6206.0
8841.0
9217.0
6128.0
6140.0
4572.0
6802.0
6236.0
8290.0
5627.0
4146.0
6305.0
10397.0
9525.0
9397.0
11457.0
8889.0
6911.0
3278.0
6944.0
13215.0
9994.0
6663.0
9469.0
