6869.0
8074.0
3655.0
5733.0
6593.0
6670.0
11274.0
7226.0
5453.0
5880.0
2872.0
4177.0
7052.0
3542.0
5378.0
4768.0
3029.0
7253.0
5834.0
5632.0
10031.0
3474.0
7350.0
5963.0
7328.0
8843.0
4500.0
4330.0
6310.0
7211.0
6779.0
4713.0
2721.0
5250.0
7161.0
9538.0
7520.0
7527.0
8007.0
7317.0
4441.0
7546.0
3273.0
3084.0
4075.0
10241.0
3369.0
4817.0
3003.0
3505.0
4235.0
7293.0
4128.0
3340.0
2978.0
6764.0
7212.0
10512.0
3318.0
4259.0
7541.0
5175.0
7823.0
6409.0
8260.0
4876.0
8038.0
5238.0
6272.0
3101.0
5749.0
3185.0
6562.0
5313.0
13507.0
9942.0
6446.0
4249.0
3107.0
4887.0
4143.0
7602.0
9573.0
3672.0
4372.0
4642.0
9864.0
9647.0
3185.0
6976.0
6056.0
10514.0
3990.0
6949.0
3915.0
4395.0
15827.0
6143.0
3413.0
3746.0
10757.0
9232.0
8097.0
5483.0
4222.0
7537.0
6730.0
7534.0
3101.0
2790.0
3223.0
2932.0
6052.0
5519.0
6148.0
6920.0
10348.0
5940.0
4055.0
3380.0
5847.0
7818.0
4202.0
2733.0
3184.0
9007.0
8045.0
3872.0
7711.0
3431.0
9358.0
7090.0
4943.0
4813.0
4742.0
2732.0
5247.0
5707.0
8425.0
5924.0
7821.0
4882.0
3025.0
5319.0
8208.0
5301.0
5492.0
3232.0
5069.0
11121.0
7605.0
2938.0
5729.0
8509.0
10480.0
3223.0
9243.0
4009.0
4069.0
6308.0
5298.0
4433.0
4959.0
3119.0
12192.0
5913.0
4176.0
3529.0
7674.0
14298.0
9158.0
6662.0
4615.0
7016.0
3132.0
11594.0
5661.0
10265.0
8748.0
9667.0
6975.0
7731.0
3268.0
2890.0
11205.0
3986.0
8752.0
4131.0
12675.0
8612.0
3599.0
10051.0
6691.0
9604.0
3155.0
2912.0
3830.0
15690.0
7038.0
6492.0
5612.0
6527.0
5410.0
8202.0
10721.0
6121.0
5551.0
3341.0
3816.0
8071.0
8057.0
10193.0
4859.0
7183.0
7199.0
12321.0
7458.0
9671.0
10221.0
7294.0
6878.0
5812.0
6772.0
5428.0
13137.0
5215.0
5378.0
7776.0
7073.0
3378.0
5840.0
5664.0
12233.0
3268.0
5547.0
4673.0
5930.0
4329.0
5993.0
10255.0
3897.0
5023.0
5372.0
9879.0
9280.0
5882.0
10625.0
3392.0
5639.0
4492.0
8276.0
3264.0
5747.0
5111.0
5837.0
5249.0
5435.0
7158.0
5660.0
7900.0
5295.0
5310.0
4066.0
4049.0
11026.0
3314.0
5602.0
6803.0
5416.0
6317.0
4567.0
2982.0
4195.0
10617.0
6475.0
6458.0
9063.0
4528.0
5044.0
8832.0
2964.0
5668.0
5130.0
4533.0
10054.0
2921.0
4016.0
5779.0
4192.0
10400.0
5405.0
8117.0
2972.0
3961.0
3545.0
4318.0
4368.0
8168.0
4677.0
3281.0
5491.0
7782.0
10400.0
10067.0
4756.0
7776.0
2878.0
3822.0
7016.0
10017.0
3266.0
6377.0
7099.0
4494.0
7814.0
4501.0
4797.0
7395.0
3445.0
8326.0
12753.0
2860.0
6744.0
6145.0
4492.0
7487.0
8226.0
9037.0
8887.0
7832.0
8589.0
9731.0
5164.0
3647.0
6698.0
7435.0
7048.0
6365.0
3273.0
4436.0
8091.0
9302.0
6642.0
7212.0
5533.0
5101.0
9103.0
11884.0
4170.0
9382.0
5146.0
5863.0
11099.0
6904.0
8280.0
5262.0
5684.0
5254.0
4493.0
5034.0
8089.0
2888.0
6598.0
5983.0
2372.0
5460.0
6736.0
12788.0
7308.0
7781.0
6693.0
7469.0
5778.0
6704.0
4791.0
6049.0
10318.0
4964.0
2896.0
8465.0
5542.0
5505.0
3839.0
6588.0
7210.0
5554.0
4333.0
8468.0
4540.0
5980.0
6794.0
10022.0
2844.0
7785.0
3023.0
8026.0
2734.0
5634.0
7213.0
7805.0
3028.0
4773.0
13413.0
7653.0
4200.0
5457.0
5711.0
3114.0
5384.0
4546.0
6531.0
2911.0
7723.0
6945.0
3845.0
4500.0
3335.0
3783.0
4071.0
6605.0
7187.0
3305.0
8618.0
8394.0
4228.0
3303.0
10270.0
5047.0
8683.0
4350.0
9223.0
5348.0
5705.0
6776.0
8446.0
3306.0
5691.0
3401.0
3941.0
2971.0
4111.0
3792.0
9734.0
11291.0
6761.0
3770.0
11334.0
5087.0
4290.0
5398.0
8354.0
4149.0
3687.0
3187.0
3203.0
6635.0
7229.0
6751.0
3299.0
6445.0
4614.0
8520.0
6704.0
3021.0
5292.0
4383.0
9707.0
10980.0
13037.0
7019.0
3024.0
5403.0
4762.0
2868.0
10667.0
11122.0
4556.0
8776.0
13494.0
3956.0
3165.0
4146.0
5386.0
9232.0
3273.0
7950.0
2865.0
4906.0
9356.0
8083.0
5820.0
7076.0
5598.0
8841.0
5525.0
3678.0
10166.0
2902.0
5075.0
5094.0
8506.0
7878.0
4846.0
6848.0
4875.0
12340.0
12446.0
8769.0
7518.0
8956.0
2794.0
3217.0
8320.0
4870.0
7281.0
4448.0
7130.0
4548.0
2750.0
8289.0
7076.0
8826.0
8888.0
9094.0
8575.0
14058.0
5130.0
5972.0
8203.0
9041.0
9370.0
11696.0
4793.0
5380.0
3102.0
2898.0
9157.0
11182.0
7970.0
6304.0
8560.0
8065.0
12103.0
4868.0
4328.0
2973.0
7081.0
5204.0
6864.0
5830.0
5630.0
5169.0
5802.0
5831.0
6072.0
7755.0
2704.0
5859.0
9895.0
4053.0
3381.0
11764.0
8426.0
4115.0
8060.0
8957.0
3120.0
7987.0
7389.0
9490.0
4166.0
5791.0
11179.0
5466.0
9837.0
5608.0
6292.0
2832.0
9068.0
6031.0
5268.0
4824.0
5175.0
13466.0
6017.0
4493.0
10545.0
3161.0
9214.0
10159.0
11797.0
4530.0
8892.0
3976.0
5547.0
7780.0
3856.0
8563.0
7529.0
10500.0
14454.0
8157.0
3265.0
3818.0
5729.0
2983.0
6842.0
6315.0
7847.0
7297.0
10925.0
6664.0
7959.0
4283.0
7586.0
2961.0
10519.0
4221.0
5145.0
4309.0
4963.0
7941.0
5986.0
5734.0
5923.0
4831.0
2694.0
5427.0
10511.0
6772.0
9525.0
10652.0
7310.0
2539.0
3406.0
6874.0
8846.0
3068.0
4314.0
4253.0
3972.0
4580.0
3127.0
3857.0
8098.0
3517.0
5517.0
7248.0
5202.0
6186.0
6288.0
5516.0
9968.0
5605.0
7461.0
8494.0
5488.0
5857.0
4472.0
12569.0
5008.0
14117.0
3068.0
7397.0
11968.0
8412.0
5651.0
3530.0
3560.0
5566.0
11709.0
7012.0
4158.0
11317.0
5123.0
7649.0
7480.0
11021.0
12607.0
3177.0
3550.0
8883.0
4328.0
4804.0
5491.0
5235.0
5445.0
5534.0
5475.0
5918.0
3232.0
11673.0
6314.0
3287.0
2833.0
6682.0
8174.0
5882.0
4244.0
10535.0
7151.0
4486.0
6915.0
5963.0
6608.0
5654.0
6573.0
6221.0
4426.0
6579.0
7238.0
7432.0
10485.0
8650.0
9699.0
7486.0
8290.0
10644.0
6145.0
4075.0
8105.0
4000.0
4251.0
4418.0
6807.0
6597.0
3379.0
4934.0
8114.0
4371.0
8237.0
10223.0
9784.0
3953.0
6943.0
7758.0
3350.0
3686.0
8367.0
3065.0
3184.0
3741.0
7555.0
4764.0
7128.0
8081.0
8823.0
5474.0
10251.0
7748.0
4307.0
6692.0
10009.0
7994.0
7037.0
5364.0
4881.0
8021.0
5975.0
8622.0
3225.0
7264.0
2723.0
4174.0
5123.0
6923.0
6580.0
6756.0
8648.0
3076.0
7530.0
6308.0
7691.0
5118.0
5738.0
3494.0
2924.0
2955.0
4043.0
9047.0
6814.0
5371.0
8015.0
6194.0
3981.0
7958.0
4935.0
6052.0
3326.0
7349.0
3208.0
3958.0
6356.0
5944.0
7458.0
4217.0
8727.0
8176.0
4740.0
3053.0
5120.0
7255.0
4307.0
5615.0
5199.0
10374.0
5973.0
7248.0
5066.0
8006.0
2773.0
4586.0
2963.0
6361.0
3823.0
6547.0
6630.0
2877.0
5065.0
10695.0
6904.0
8748.0
6753.0
3105.0
9280.0
8202.0
3123.0
3016.0
5399.0
3674.0
10020.0
5233.0
3795.0
3532.0
9656.0
7662.0
7473.0
3389.0
7929.0
4246.0
3121.0
5031.0
8036.0
3180.0
5700.0
5864.0
13401.0
6037.0
10997.0
3369.0
4266.0
4042.0
3723.0
5182.0
6027.0
3717.0
6793.0
5334.0
4527.0
10207.0
5815.0
3306.0
4702.0
3035.0
6276.0
3858.0
6730.0
5903.0
3798.0
5322.0
8274.0
10174.0
3162.0
8665.0
3484.0
4240.0
4969.0
7985.0
4268.0
5900.0
5045.0
7142.0
3055.0
4110.0
6894.0
11786.0
4015.0
8928.0
10732.0
9923.0
8852.0
7186.0
3201.0
4791.0
9557.0
6542.0
8858.0
6758.0
15568.0
8657.0
2978.0
5174.0
4141.0
8343.0
3571.0
6625.0
9243.0
5537.0
8768.0
9585.0
5474.0
8121.0
3958.0
18824.0
4387.0
5720.0
15973.0
8761.0
3077.0
4734.0
2798.0
5910.0
12378.0
3198.0
10515.0
6887.0
2869.0
12846.0
3144.0
5575.0
3551.0
7396.0
6140.0
10845.0
5275.0
9522.0
7674.0
3538.0
4285.0
6876.0
5140.0
5111.0
12475.0
5476.0
5204.0
6429.0
3371.0
5194.0
3806.0
7856.0
9097.0
3587.0
2889.0
12189.0
5415.0
6684.0
10512.0
4180.0
2665.0
3067.0
5970.0
7413.0
4916.0
4752.0
3215.0
6053.0
3646.0
7206.0
3954.0
7139.0
6605.0
6223.0
4321.0
9069.0
3545.0
4719.0
6955.0
6305.0
7624.0
3187.0
3304.0
8861.0
5121.0
4231.0
7816.0
3115.0
7762.0
5119.0
6185.0
5047.0
2990.0
4593.0
2995.0
7895.0
7044.0
7309.0
9156.0
4054.0
3816.0
2868.0
